   1.6666670000000001E-002  0.32257655036745936
  0.19572649897435898       0.18434813397951183
  0.37478632794871797       0.13148933754327752
  0.55384615692307693       0.10048778713825403
  0.73290598589743583        7.9832411043015999E-002
  0.91196581487179484        6.5088650537158579E-002
   1.0910256438461539        5.4087012294369179E-002
   1.2700854728205129        4.5614198543680630E-002
   1.4491453017948717        3.8927511795404025E-002
   1.6282051307692307        3.3549142301490448E-002
   1.8072649597435897        2.9156650192069325E-002
   1.9863247887179487        2.5521647739483875E-002
   2.1653846176923075        2.2479723132373990E-002
   2.3444444466666665        1.9910368285448801E-002
   2.5235042756410255        1.7722264876163064E-002
   2.7025641046153845        1.5844732046765314E-002
   2.8816239335897436        1.4223391334382305E-002
   3.0606837625641026        1.2815746364107369E-002
   3.2397435915384611        1.1587500151490921E-002
   3.4188034205128202        1.0510778757827095E-002
   3.5978632494871801        9.5631807756000539E-003
   3.7769230784615386        8.7263837926323667E-003
   3.9559829074358981        7.9850635221791651E-003
   4.1350427364102567        7.3264357532358809E-003
   4.3141025653846157        6.7398766832915211E-003
   4.4931623943589747        6.2163994010325310E-003
   4.6722222233333337        5.7483852680697937E-003
   4.8512820523076918        5.3296465661769052E-003
   5.0303418812820517        4.9553685686698811E-003
   5.2094017102564099        4.6220111385489055E-003
   5.3884615392307698        4.3274536771109569E-003
   5.5675213682051279        4.0712715817472992E-003
   5.7465811971794869        3.8549280810168929E-003
   5.9256410261538468        3.6815387532638157E-003
   6.1047008551282049        3.5543399991861649E-003
   6.2837606841025648        3.4731965381982720E-003
   6.4628205130769230        3.4291633325440260E-003
   6.6418803420512829        3.4027028654061717E-003
   6.8209401710256410        3.3662648567883420E-003
   7.0000000000000000        3.2938594875978212E-003
