1.049999999999999942e-05 6.972818057382779955e+01
1.097569063204621042e-05 7.272582353807570144e+01
1.147293189051304377e-05 7.585233446493245424e+01
1.199270010217221209e-05 7.911324805645752178e+01
1.253601582517630487e-05 8.251434214341101381e+01
1.310394585291148782e-05 8.606164803765858551e+01
1.369760530863251521e-05 8.976145346346638121e+01
1.431815983499279479e-05 9.362031062668260972e+01
1.496682788276864145e-05 9.764505370892916858e+01
1.564488310327159871e-05 1.018428146076168019e+02
1.635365684914630321e-05 1.062210323059078405e+02
1.709454078846413564e-05 1.107874624986366712e+02
1.786898963724549294e-05 1.155501927834566374e+02
1.867852401577582580e-05 1.205176591206977008e+02
1.952473343432389223e-05 1.256986607200645949e+02
2.040927941412458972e-05 1.311023762451263508e+02
2.133389874975436798e-05 1.367383809566898947e+02
2.230040691930489563e-05 1.426166612644289273e+02
2.331070164905078282e-05 1.487476305284992577e+02
2.436676663961055236e-05 1.551421487099603667e+02
2.547067546091711672e-05 1.618115397124572326e+02
2.662459562364545850e-05 1.687676124196974570e+02
2.783079283509180815e-05 1.760226799874448318e+02
2.909163544786057341e-05 1.835895821536551296e+02
3.040959911009397633e-05 1.914817230025365973e+02
3.178727162637517284e-05 1.997131020156003274e+02
3.322735803884898129e-05 2.082983068448507424e+02
3.473268593853714336e-05 2.172525065365384478e+02
3.630621101727669881e-05 2.265915195611276545e+02
3.795102287118255101e-05 2.363318934901541297e+02
3.967035106702950317e-05 2.464909035402120026e+02
4.146757148346477971e-05 2.570865318737581902e+02
4.334621293950199721e-05 2.681375068134930757e+02
4.530996412331165249e-05 2.796633690236292296e+02
4.736268083491253428e-05 2.916845110970239716e+02
4.950839355698515872e-05 3.042222016181785307e+02
5.175131536867228431e-05 3.172986223354939739e+02
5.409585021790529191e-05 3.309369011855923759e+02
5.654660156849884879e-05 3.451611306091024289e+02
5.910838143899261205e-05 3.599964276330674124e+02
6.178621985098718173e-05 3.754690184886561042e+02
6.458537470552644627e-05 3.916062741200952928e+02
6.751134210691817723e-05 4.084366952951906455e+02
7.056986715426370011e-05 4.259899487438198662e+02
7.376695522188550221e-05 4.442969887279570003e+02
7.710888375080199807e-05 4.633901515298682625e+02
8.060221457440168869e-05 4.833031493236302936e+02
8.425380680251800419e-05 5.040710596246541400e+02
8.807083028920270910e-05 5.257304337238326752e+02
9.206077971064131730e-05 5.483194088757036297e+02
9.623148928085294206e-05 5.718777619950018334e+02
1.005911481340678916e-04 5.964469246527039559e+02
1.051483164039868361e-04 6.220700463345290245e+02
1.099119420314923076e-04 6.487921087973794556e+02
1.148913783338148601e-04 6.766600136926584810e+02
1.200964023696503855e-04 7.057226461509686715e+02
1.255372341362879954e-04 7.360309445873202776e+02
1.312245566364426844e-04 7.676379792214326017e+02
1.371695368541924766e-04 8.005989221104734952e+02
1.433838476812074466e-04 8.349711909536133589e+02
1.498796908363208809e-04 8.708147123768877691e+02
1.566698208234466611e-04 9.081920312825087649e+02
1.637675699748820360e-04 9.471681441237504941e+02
1.711868746291700708e-04 9.878104279597350796e+02
1.789423024949191097e-04 1.030189071085920432e+03
1.870490812543107386e-04 1.074377435188405798e+03
1.955231284624561316e-04 1.120451930427443131e+03
2.043810828013092461e-04 1.168491691796250734e+03
2.136403367495039543e-04 1.218578879134866838e+03
2.233190707322597922e-04 1.270799065764086208e+03
2.334362888184123616e-04 1.325241365882677655e+03
2.440118560346553843e-04 1.381998320391396646e+03
2.550665373702644162e-04 1.441165890928473118e+03
2.666220385488833741e-04 1.502843765278852061e+03
2.787010486474327756e-04 1.567135408627425250e+03
2.913272846458173581e-04 1.634148247713466844e+03
3.045255379949102204e-04 1.703993543384969144e+03
3.183217232942446920e-04 1.776786665315830533e+03
3.327429291749949415e-04 1.852647148489060783e+03
3.478174714881532553e-04 1.931698842598704232e+03
3.635749489023354765e-04 2.014069932543821551e+03
3.800463010203851454e-04 2.099892912871788212e+03
3.972638691288814076e-04 2.189304871946705589e+03
4.152614596998378143e-04 2.282447333341751801e+03
4.340744107692708705e-04 2.379466572495601213e+03
4.537396613229778119e-04 2.480513209164309501e+03
4.742958238257549133e-04 2.585742624534637343e+03
4.957832600364740902e-04 2.695314819733228887e+03
5.182441602578723551e-04 2.809394572126105686e+03
5.417226261766652220e-04 2.928151357723100318e+03
5.662647574566378019e-04 3.051759194179393035e+03
5.919187422547369289e-04 3.180396815216413415e+03
6.187349518378946513e-04 3.314247041639693180e+03
6.467660394863566833e-04 3.453497417057103576e+03
6.760670438777171371e-04 3.598339756649950232e+03
7.066954971546512369e-04 3.748970389535766117e+03
7.387115378885282828e-04 3.905588835044562529e+03
7.721780291607203799e-04 4.068398046624788094e+03
8.071606819934500120e-04 4.237604580748082299e+03
8.437281843725279564e-04 4.413418242574296528e+03
8.819523361153253256e-04 4.596051480383269336e+03
9.219081898487849506e-04 4.785717553538518587e+03
9.636741983742848567e-04 4.982631699064545501e+03
1.007332368708693457e-03 5.187009328897966952e+03
1.052968423104088487e-03 5.399066581057196345e+03
1.100671967362286527e-03 5.619017144901395113e+03
1.150536666774678619e-03 5.847072667817294132e+03
1.202660430032810937e-03 6.083442255223704706e+03
1.257145601470836338e-03 6.328331367612690883e+03
1.314099162017291506e-03 6.581940199515177483e+03
1.373632939250758614e-03 6.844459580978114900e+03
1.435863826971872171e-03 7.116073556489846851e+03
1.500914014722780181e-03 7.396956607435411570e+03
1.568911227704732547e-03 7.687273746317224322e+03
1.639988977564852844e-03 7.987174371182414689e+03
1.714286824544533541e-03 8.296792883380609055e+03
1.791950651504159268e-03 8.616246440781389538e+03
1.873132950362219919e-03 8.945632874884884586e+03
1.957993121511209834e-03 9.285030023796862224e+03
2.046697786798237339e-03 9.634491539597102019e+03
2.139421116684869523e-03 9.994047094026607738e+03
2.236345172228568906e-03 1.036369557375038312e+04
2.337660262557226479e-03 1.074340717852086527e+04
2.443565318538668939e-03 1.113311938876510976e+04
2.554268283378846593e-03 1.153273624877104885e+04
2.669986520915616258e-03 1.194212195354004871e+04
2.790947242409827674e-03 1.236109838871289321e+04
2.917387952671688951e-03 1.278944498549894888e+04
3.049556916398393942e-03 1.322689404623592600e+04
3.187713645638627635e-03 1.367312939526072296e+04
3.332129409341117940e-03 1.412777513519101558e+04
3.483087765987713524e-03 1.459040029150432747e+04
3.640885120356773981e-03 1.506050635190202411e+04
3.805831305510123247e-03 1.553753183250617076e+04
3.978250191146250753e-03 1.602085272035336857e+04
4.158480319514282209e-03 1.650978071553589325e+04
4.346875570137281181e-03 1.700352940242788827e+04
4.543805854650123828e-03 1.750118760722896332e+04
4.749657843116195793e-03 1.800181805529475605e+04
4.964835723249072519e-03 1.850458107600212315e+04
5.189761994029831738e-03 1.900854657950902765e+04
5.424878295278347945e-03 1.951225979760097835e+04
5.670646274807370109e-03 2.001400179923065662e+04
5.927548494862002436e-03 2.051231067970744698e+04
6.196089379624429225e-03 2.100593106796886786e+04
6.476796205644269784e-03 2.149330894151597022e+04
6.770220137139263891e-03 2.197244877058847487e+04
7.076937308199051507e-03 2.244135160140054359e+04
7.397549954017017086e-03 2.289827193677204923e+04
7.732687593371276834e-03 2.334141427294776076e+04
8.083008264676677310e-03 2.376856619080275414e+04
8.449199818034660095e-03 2.417732379829973797e+04
8.831981265818047294e-03 2.456519062825817309e+04
9.232104194442553730e-03 2.492960309283984316e+04
9.650354240096923122e-03 2.526789821859141739e+04
1.008755263132945189e-02 2.557730505061464646e+04
1.054455780151959156e-02 2.585502499989162970e+04
1.102226707440080028e-02 2.609820447657764089e+04
1.152161842594402741e-02 2.630399022033249275e+04
1.204359232606141972e-02 2.646935517999186050e+04
1.258921366374627163e-02 2.659130033125349291e+04
1.315955375942934671e-02 2.666685512079361797e+04
1.375573246850259231e-02 2.669316637512676243e+04
1.437892038014073476e-02 2.666749234749878815e+04
1.503034111573800513e-02 2.658722826579965113e+04
1.571127373147282458e-02 2.645005562193374135e+04
1.642305522971809761e-02 2.625392965998773798e+04
1.716708318422803525e-02 2.599724364355544822e+04
1.794481848425616421e-02 2.567885924765692835e+04
1.875778820299239119e-02 2.529820644849729433e+04
1.960758859595148479e-02 2.485545311223469980e+04
2.049588823520006459e-02 2.435148398874304985e+04
2.142443128557634108e-02 2.378815126406472336e+04
2.239504092933505136e-02 2.316826642480600276e+04
2.340962294594228776e-02 2.249564949585603244e+04
2.447016945404884361e-02 2.177544384497395004e+04
2.557876282298926843e-02 2.101357206991392377e+04
2.673757976148716936e-02 2.021757910930735306e+04
2.794889559159456291e-02 1.939545877721380748e+04
2.921508871625734527e-02 1.855681169882517861e+04
3.053864528927855218e-02 1.771149925390634962e+04
3.192216409684922596e-02 1.686999337767798716e+04
3.336836166023139649e-02 1.604291537634734595e+04
3.488007756961252620e-02 1.524068281386379203e+04
3.646028005960397916e-02 1.447433918815929974e+04
3.811207183733108378e-02 1.375256931449232434e+04
3.983869617455881168e-02 1.308083712293401368e+04
4.164354327581334253e-02 1.246341714963614322e+04
4.353015693500526112e-02 1.190711450833980052e+04
4.550224149362277343e-02 1.141803336600316106e+04
4.756366911415805393e-02 1.098986509102167838e+04
4.971848738304856380e-02 1.060967213624979013e+04
5.197092725806042035e-02 1.026837482276630180e+04
5.432541137571890444e-02 9.957930427816349038e+03
5.678656273509850166e-02 9.662289363486015645e+03
5.935921377502150625e-02 9.362838891034991320e+03
6.204841586248871499e-02 9.040654270002793055e+03
6.485944921097387683e-02 8.677739902476847419e+03
6.779783324805357947e-02 8.260783031777753422e+03
7.086933745273259200e-02 7.786252800566403494e+03
7.407999268374092228e-02 7.261287770302103127e+03
7.743610302104635135e-02 6.702787982746647685e+03
8.094425814383458817e-02 6.134368501551311965e+03
8.461134626925871649e-02 5.582905618957074694e+03
8.844456767736384728e-02 5.077087959656698331e+03
9.245144884874464952e-02 4.643813304571230219e+03
9.663985724269212596e-02 4.299785065882265371e+03
1.010180167448474636e-01 4.045093652848935562e+03
1.055945238146962784e-01 3.862245453940111929e+03
1.103783643646039647e-01 3.721233741458986060e+03
1.153789314035396502e-01 3.586429572966399064e+03
1.206060434801270453e-01 3.423243049571404299e+03
1.260699639612369305e-01 3.208858537912399697e+03
1.317814211839762606e-01 2.943005678977265234e+03
1.377516295206386576e-01 2.648549346003854680e+03
1.439923113979783842e-01 2.363964545900380017e+03
1.505157203140448652e-01 2.128737360605716276e+03
1.573346648977668460e-01 1.961544495268125956e+03
1.644625340585283979e-01 1.851736773982938303e+03
1.719133232751212659e-01 1.769619345863546869e+03
1.797016620756837213e-01 1.676522105192793333e+03
1.878428427625918329e-01 1.548205092134586948e+03
1.963528504386962970e-01 1.393846423117991435e+03
2.052483943938636368e-01 1.244106465520613028e+03
2.145469409134527217e-01 1.128048390150519708e+03
2.242667475731388305e-01 1.049884783479245243e+03
2.344268990874257830e-01 9.885222655129520035e+02
2.450473447822380801e-01 9.163875904192818780e+02
2.561489377651630095e-01 8.294365333883230278e+02
2.677534758702557749e-01 7.448706615262232162e+02
2.798837444578077260e-01 6.801171762677662400e+02
2.925635611531022806e-01 6.308170750160300031e+02
3.058178226120172316e-01 5.811285129145333030e+02
3.196725534052848872e-01 5.262546886125372794e+02
3.341549571173976774e-01 4.761351450836261847e+02
3.492934697604974104e-01 4.361954824727191635e+02
3.651178156081154036e-01 3.999199457951896761e+02
3.816590655583967373e-01 3.628559588572948087e+02
3.989496981414097920e-01 3.290952685713094752e+02
4.170236632903180918e-01 3.003147091722530604e+02
4.359164490016319560e-01 2.732039325985430764e+02
4.556651510154349216e-01 2.476367919525420405e+02
4.763085456523836192e-01 2.250747992589978423e+02
4.978871659505160752e-01 2.043703537583967034e+02
5.204433812513450386e-01 1.851994901676534369e+02
5.440214803915083275e-01 1.679808005720268795e+02
5.686677586633320791e-01 1.521894177913077613e+02
5.944306087150339479e-01 1.378103693986226403e+02
6.213606155690590827e-01 1.247774703244583634e+02
6.495106559451223616e-01 1.129050222444990652e+02
6.789360020829596776e-01 1.021001000901250109e+02
7.096944302686516437e-01 9.227924295924827902e+01
7.418463342776211444e-01 8.336350207173664728e+01
7.754548439570193574e-01 7.527839796124018790e+01
8.105859491803723005e-01 6.795164984008899012e+01
8.473086294178387989e-01 6.131436541547021335e+01
8.856949891765030225e-01 5.530365006169857622e+01
9.258203995766485228e-01 4.986219711986216652e+01
9.677636463419726498e-01 4.493781783083290549e+01
1.011607084494329900e+00 4.048334663833122704e+01
1.057436800056760884e+00 3.645606194703316305e+01
1.105342779082278737e+00 3.281687851126369537e+01
1.155419084340312486e+00 2.953005155464488851e+01
1.207764040007751838e+00 2.656291694587972074e+01
1.262480424727177031e+00 2.388558353957495939e+01
1.319675673411408567e+00 2.147073801095919166e+01
1.379462088190560820e+00 1.929352294553367742e+01
1.441957058915812606e+00 1.733133299623164092e+01
1.507283293652874168e+00 1.556362254562910152e+01
1.575569059617679013e+00 1.397173165897948621e+01
1.646948435027391078e+00 1.253872162396689127e+01
1.721561572361266279e+00 1.124922038020640613e+01
1.799554973548220360e+00 1.008928501836845548e+01
1.881081777621462781e+00 9.046275605002133346e+00
1.966302061405023283e+00 8.108736484319656768e+00
2.055383153822500475e+00 7.266291116928776717e+00
2.148499964445257149e+00 6.509549109809007028e+00
2.245835326925090580e+00 5.830016765761950381e+00
2.347580357985727950e+00 5.220015010271149336e+00
2.453934832678059674e+00 4.672603246481851436e+00
2.565107576635856645e+00 4.181511263752519802e+00
2.681316876102182167e+00 3.741078655324760582e+00
2.802790906531629656e+00 3.346197764761301041e+00
2.929768180609862327e+00 2.992261603633847855e+00
3.062498016570163184e+00 2.675116099110373735e+00
3.201241027726597910e+00 2.391017071319505138e+00
3.346269634184837027e+00 2.136591645759651659e+00
3.497868597735541929e+00 1.908802620664474592e+00
3.656335580980443201e+00 1.704916072488753320e+00
3.821981731788977044e+00 1.522471575167428259e+00
3.995132294233143533e+00 1.359255615933342431e+00
4.176127247200004611e+00 1.213278131393410231e+00
4.365321971935808953e+00 1.082750592657582889e+00
4.563087949832506318e+00 9.660661221352555561e-01
4.769813491826633722e+00 8.617814782701548326e-01
4.985904500842777587e+00 7.686008005971912693e-01
5.211785268778778679e+00 6.853609771799962225e-01
5.447899309597300288e+00 6.110183711618830671e-01
5.694710230159816255e+00 5.446368304199363797e-01
5.952702640512655741e+00 4.853767610082241335e-01
6.222383105412520266e+00 4.324853661331635735e-01
6.504281138959883357e+00 3.852880474348016060e-01
6.798950244293040512e+00 3.431804614826743927e-01
7.106969000384321333e+00 3.056213472446253077e-01
7.428942198072473246e+00 2.721260556938567277e-01
7.765502027561612230e+00 2.422607372906162848e-01
8.117309319718454930e+00 2.156371399823320545e-01
8.485054843605272623e+00 1.919079058682278127e-01
8.869460662795871642e+00 1.707623401606167268e-01
9.271281553138187803e+00 1.519225891687382701e-01
9.691306484746833760e+00 1.351402207696993651e-01
1.013036017113566345e+01 1.201931978478125024e-01
1.058930468853215956e+01 1.068831221888892069e-01
1.106904116855291242e+01 9.503275692355191151e-02
1.157051156756380728e+01 8.448380050125108010e-02
1.209470051619926600e+01 7.509489250376628899e-02
1.264263725267170635e+01 6.673983426344777536e-02
1.321539764366735348e+01 5.930598680097424330e-02
1.381410629679671409e+01 5.269283441458264688e-02
1.443993876874687388e+01 4.681069184821139845e-02
1.509412387347198603e+01 4.157954969353405000e-02
1.577794609495350109e+01 3.692805702321876049e-02
1.649274810926772261e+01 3.279259766105022122e-02
1.723993342091309700e+01 2.911646202877105072e-02
1.802096911857299588e+01 2.584910535538294252e-02
1.883738875572529281e+01 2.294548479577096858e-02
1.969079536175491540e+01 2.036546990889109149e-02
2.058286458948120412e+01 1.807331333281564020e-02
2.151534800528041913e+01 1.603717744641903684e-02
2.249007652826387726e+01 1.422871014890635458e-02
2.350896402526362294e+01 1.262266635515343037e-02
2.457401106868544360e+01 1.119657423476999418e-02
2.568730886460676288e+01 9.930434082057328082e-03
2.685104335883255899e+01 8.806449070558244191e-03
2.806749952897190070e+01 7.808784271897424752e-03
2.933906587096177887e+01 6.923351798627824794e-03
3.066823908884778049e+01 6.137621657335744219e-03
3.205762899703045576e+01 5.440451286511245946e-03
3.350996364460196020e+01 4.821933289314877212e-03
3.502809467183491421e+01 4.273259244047058342e-03
3.661500290934159096e+01 3.786598356470599527e-03
3.827380423089571337e+01 3.354991067521048091e-03
4.000775567141071321e+01 2.972253081404448941e-03
4.182026182208539922e+01 2.632889678066613944e-03
4.371488151527449872e+01 2.332019076889086523e-03
4.569533481221029092e+01 2.065304176075461514e-03
4.776551030729449110e+01 1.828893142109973800e-03
4.992947276330271933e+01 1.619365639182561477e-03
5.219147109249407634e+01 1.433684813242067395e-03
5.455594669929509166e+01 1.269154336626760089e-03
5.702754220093953563e+01 1.123380142378068314e-03
5.961111054318789115e+01 9.942374477163952364e-04
6.231172452902266912e+01 8.798407608168348857e-04
6.513468677903216530e+01 7.785170782123294626e-04
6.808554014303697954e+01 6.887818920374559097e-04
7.117007858340349458e+01 6.093177990309869450e-04
7.439435855141466902e+01 5.389563118599431917e-04
7.776471087903331636e+01 4.766611999277752042e-04
8.128775320940833637e+01 4.215135797724899329e-04
8.497040299053207946e+01 3.726985545911488040e-04
8.881989105755954483e+01 3.294932808559906836e-04
9.284377583045912274e+01 2.912570046508821168e-04
9.704995815487330901e+01 2.574218469959535993e-04
1.014466968153254527e+02 2.274845350826186952e-04
1.060426247512381934e+02 2.009989856197777719e-04
1.108467660075959884e+02 1.775696623535127558e-04
1.158685534535416082e+02 1.568461434024373405e-04
1.211178473036936794e+02 1.385180438837726644e-04
1.266049544785481658e+02 1.223104438711303753e-04
1.323406488419847165e+02 1.079797915511111869e-04
1.383361923556081479e+02 9.531022778988524182e-05
1.446033571914659603e+02 8.411060705499902139e-05
1.511544488465530378e+02 7.421170704296527068e-05
1.580023303044968088e+02 6.546371185864380195e-05
1.651604472918608337e+02 5.773396173134326268e-05
1.726428546786515312e+02 5.090493359000020112e-05
1.804642440748748697e+02 4.487260097622896633e-05
1.886399726773245220e+02 3.954490497505774112e-05
1.971860934232348939e+02 3.484037531993790785e-05
2.061193865100173923e+02 3.068692423419775730e-05
2.154573923429631179e+02 2.702079808472732512e-05
2.252184459755969783e+02 2.378556616422121137e-05
2.354217131103199279e+02 2.093126902774678259e-05
2.460872277300201745e+02 1.841368063044651238e-05
2.572359314345341090e+02 1.619366976030008943e-05
2.688897145592086417e+02 1.423665941518105779e-05
2.810714591562942246e+02 1.251203969566251478e-05
2.938050839235525018e+02 1.099270031954248035e-05
3.071155911683122213e+02 9.654637591684011666e-06
3.210291158991792599e+02 8.476669928912911628e-06
3.355729771417812231e+02 7.440308966474767326e-06
3.507757315793247699e+02 6.529151194858212809e-06
3.666672296232706572e+02 5.728569616205668481e-06
3.832786740242354995e+02 5.025543496797732894e-06
4.006426811381809330e+02 4.408506136080372878e-06
4.187933449682094533e+02 3.867216328399051565e-06
4.377663041077028083e+02 3.392595150364219840e-06
4.575988117162296476e+02 2.976597480447009544e-06
4.783298086656464534e+02 2.612105027736302522e-06
4.999999999999998295e+02 2.292935071771304765e-06
