2.706000000000006733e-01 0.000000000000000000e+00
2.717999999999997085e-01 0.000000000000000000e+00
2.729999999999997429e-01 0.000000000000000000e+00
2.742000000000003879e-01 0.000000000000000000e+00
2.754000000000003667e-01 0.000000000000000000e+00
2.765999999999994019e-01 0.000000000000000000e+00
2.777999999999993808e-01 0.000000000000000000e+00
2.789999999999999702e-01 0.000000000000000000e+00
2.802000000000004487e-01 5.791521074605580743e+00
2.814000000000004831e-01 2.288157984580287874e+01
2.825999999999995738e-01 2.353965101446907582e+01
2.837999999999996081e-01 2.357676029089646619e+01
2.850000000000000866e-01 2.418535242432471577e+01
2.862000000000006761e-01 2.440553413113372727e+01
2.874000000000007105e-01 2.425214912189486682e+01
2.885999999999996346e-01 2.446490897341930193e+01
2.897999999999996690e-01 2.332194325942196045e+01
2.910000000000003140e-01 2.348275012394431016e+01
2.922000000000004039e-01 2.290631936342292718e+01
2.933999999999992725e-01 2.318834986427834011e+01
2.945999999999998065e-01 2.393795724813481485e+01
2.957999999999998963e-01 2.437337275822903848e+01
2.970000000000004303e-01 2.437337275822791227e+01
2.982000000000004647e-01 2.455644518860956538e+01
2.993999999999994444e-01 2.492506400113136777e+01
3.005999999999995342e-01 2.551386452046448738e+01
3.018000000000000127e-01 2.538027112532193641e+01
3.030000000000006022e-01 2.518977683965455228e+01
3.042000000000006366e-01 2.527389119956027841e+01
3.053999999999995052e-01 2.653808054989067244e+01
3.065999999999995951e-01 2.616698778560461136e+01
3.078000000000002401e-01 2.680526734017576729e+01
3.090000000000003300e-01 2.775773876850688282e+01
3.102000000000008639e-01 2.861620002988451716e+01
3.113999999999997326e-01 2.869536648626661091e+01
3.125999999999998225e-01 2.840838808188501119e+01
3.138000000000003564e-01 2.907635505759905570e+01
3.150000000000005573e-01 2.942518225602681881e+01
3.161999999999993705e-01 2.883143383316972219e+01
3.173999999999994603e-01 2.872010600388560064e+01
3.185999999999999943e-01 2.782948336960066626e+01
3.198000000000005283e-01 6.941908643888620389e+00
3.210000000000006737e-01 0.000000000000000000e+00
3.221999999999995423e-01 0.000000000000000000e+00
3.233999999999996877e-01 0.000000000000000000e+00
3.246000000000001662e-01 0.000000000000000000e+00
3.258000000000002561e-01 0.000000000000000000e+00
3.270000000000007900e-01 0.000000000000000000e+00
3.281999999999997142e-01 0.000000000000000000e+00
3.293999999999997486e-01 0.000000000000000000e+00
