5.000000000000000278e-02
2.479999999999999982e-01
4.460000000000000075e-01
6.440000000000000169e-01
8.419999999999999707e-01
1.040000000000000036e+00
1.237999999999999989e+00
1.435999999999999943e+00
1.633999999999999897e+00
1.832000000000000073e+00
2.029999999999999805e+00
2.228000000000000203e+00
2.426000000000000156e+00
2.624000000000000110e+00
2.822000000000000064e+00
3.020000000000000018e+00
3.217999999999999972e+00
3.415999999999999925e+00
3.613999999999999879e+00
3.811999999999999833e+00
4.009999999999999787e+00
4.208000000000000185e+00
4.405999999999999694e+00
4.604000000000000092e+00
4.801999999999999602e+00
5.000000000000000000e+00
5.198000000000000398e+00
5.395999999999999908e+00
5.594000000000000306e+00
5.791999999999999815e+00
5.990000000000000213e+00
6.187999999999999723e+00
6.386000000000000121e+00
6.583999999999999631e+00
6.782000000000000028e+00
6.980000000000000426e+00
7.177999999999999936e+00
7.376000000000000334e+00
7.573999999999999844e+00
7.772000000000000242e+00
7.969999999999999751e+00
8.167999999999999261e+00
8.365999999999999659e+00
8.564000000000000057e+00
8.762000000000000455e+00
8.960000000000000853e+00
9.157999999999999474e+00
9.355999999999999872e+00
9.554000000000000270e+00
9.752000000000000668e+00
